error(train): 0.0872483221477
error(test): 0.168674698795
