error(train): 0.0738255033557
error(test): 0.192771084337
