error(train): 0.107382550336
error(test): 0.180722891566
