error(train): 0.201342281879
error(test): 0.21686746988
