error(train): 0.134228187919
error(test): 0.156626506024
