error(train): 0.0671140939597
error(test): 0.204819277108
