error(train): 0.0714285714286
error(test): 0.142857142857
